4.27
5.16
6.76
6.8
4.42
5.33
4.93
4.15
5.99
5.57
4.99
4.21
6.22
5.35
5.09
6.83
6.65
6.68
5.23
5.29
4.72
4.66
6.8
5.78
5.67
5.22
4.63
5.74
5.14
5.01
5.31
6.0
4.07
4.21
4.32
4.19
5.31
5.72
6.48
5.0
4.04
6.14
5.99
6.72
5.14
4.13
6.01
4.93
6.07
4.41
6.85
6.15
4.66
4.64
5.67
4.98
5.02
5.79
5.32
5.76
6.6
6.68
6.15
4.87
5.7
6.85
6.9
5.8
5.18
5.9
4.25
4.82
6.2
4.12
5.84
5.3
6.92
4.77
4.99
4.74
4.09
6.5
5.06
5.0
4.23
5.92
4.58
6.64
5.82
5.56
6.11
6.02
4.09
5.63
5.74
4.66
6.51
6.94
6.8
6.99
4.49
6.78
5.1
6.99
5.92
4.98
4.99
6.97
4.55
6.38
5.67
6.31
5.2
5.15
6.07
4.27
6.14
4.53
5.98
5.57
